{
    "bag_name": "2023-02-14-00-51-54",
    "fixed_frame": "lidar_world",
    "moving_frame": "imu_link",
    "pose_file_date": "",
    "poses": [
        {
            "time_stamp_nsec": 312138081,
            "time_stamp_sec": 1635366115,
            "transform": [
                0.9227553188964827,
                -0.3454226314400033,
                0.1708971795460088,
                -7.1328465134660135,
                0.33391961799331593,
                0.9380084240435581,
                0.09294030482978627,
                5.722703033595349,
                -0.19240667609756962,
                -0.028695247545879515,
                0.9808956409429049,
                -0.01265353438965261,
                0.0,
                0.0,
                0.0,
                1.0
            ]
        },
        {
            "time_stamp_nsec": 413033485,
            "time_stamp_sec": 1635366115,
            "transform": [
                0.9238000068510491,
                -0.34240556721321563,
                0.17132423867517335,
                -7.136020419851307,
                0.3308226427034439,
                0.9390964968353924,
                0.09302776247364812,
                5.715829934930374,
                -0.19274321334599867,
                -0.029261118528520064,
                0.9808128494549039,
                -0.0013495610183528288,
                0.0,
                0.0,
                0.0,
                1.0
            ]
        },
        {
            "time_stamp_nsec": 513834715,
            "time_stamp_sec": 1635366115,
            "transform": [
                0.9296906252818586,
                -0.32658360058368474,
                0.17034820647071539,
                -7.154153899552562,
                0.3149390427402804,
                0.9446247194479167,
                0.09218217410135278,
                5.740520729760884,
                -0.19102031037517733,
                -0.03205160985056012,
                0.981062658689006,
                -0.008965602775041813,
                0.0,
                0.0,
                0.0,
                1.0
            ]
        },
        {
            "time_stamp_nsec": 614709854,
            "time_stamp_sec": 1635366115,
            "transform": [
                0.9359898085366493,
                -0.30396469981016033,
                0.17756282273410262,
                -7.153721448576114,
                0.29353681650019475,
                0.9523412003374134,
                0.0829601575071672,
                5.760224407739632,
                -0.19431734896018477,
                -0.02552864359894833,
                0.980606476231784,
                -0.008656977668849337,
                0.0,
                0.0,
                0.0,
                1.0
            ]
        },
        {
            "time_stamp_nsec": 715552807,
            "time_stamp_sec": 1635366115,
            "transform": [
                0.9331874176485405,
                -0.299145295197822,
                0.19918170859556608,
                -7.154293773124759,
                0.29364342761850076,
                0.9541945224380108,
                0.057326804494947606,
                5.740352582561361,
                -0.207207138135971,
                0.0049917389907309755,
                0.978284360509159,
                0.010818130942840093,
                0.0,
                0.0,
                0.0,
                1.0
            ]
        },
        {
            "time_stamp_nsec": 816440582,
            "time_stamp_sec": 1635366115,
            "transform": [
                0.9285090754949856,
                -0.3187401331081446,
                0.19046165604001697,
                -7.1688956860416795,
                0.31400505586449284,
                0.9478050247460275,
                0.05537574568572391,
                5.7597728433335975,
                -0.19817098618829188,
                0.008389032418315245,
                0.9801315673994617,
                -0.00757399266669714,
                0.0,
                0.0,
                0.0,
                1.0
            ]
        },
        {
            "time_stamp_nsec": 917181969,
            "time_stamp_sec": 1635366115,
            "transform": [
                0.9327115726409726,
                -0.31286604607022794,
                0.1793431814171464,
                -7.160179996868004,
                0.3075861181072852,
                0.9497956485654908,
                0.057262717179226354,
                5.75990375818911,
                -0.18825493207916943,
                0.0017538664256012346,
                0.9821186328965438,
                -0.00708950110247393,
                0.0,
                0.0,
                0.0,
                1.0
            ]
        },
        {
            "time_stamp_nsec": 18181562,
            "time_stamp_sec": 1635366116,
            "transform": [
                0.9346132690832968,
                -0.30791020964846566,
                0.17801504700397913,
                -7.160859018930539,
                0.302208615914159,
                0.951414483516264,
                0.05899530141700689,
                5.758568335156269,
                -0.18753134840031233,
                -0.001340118007140411,
                0.9822577065311828,
                0.00021436883355878053,
                0.0,
                0.0,
                0.0,
                1.0
            ]
        },
        {
            "time_stamp_nsec": 118886948,
            "time_stamp_sec": 1635366116,
            "transform": [
                0.9351787083371743,
                -0.3079605345078432,
                0.174931727497397,
                -7.163578710289207,
                0.30136137047543043,
                0.9513738469626795,
                0.06378981245692147,
                5.739116776102247,
                -0.18607021385689448,
                -0.006937216571675599,
                0.9825119617730856,
                0.017226845907884383,
                0.0,
                0.0,
                0.0,
                1.0
            ]
        },
        {
            "time_stamp_nsec": 219773769,
            "time_stamp_sec": 1635366116,
            "transform": [
                0.9373584443357832,
                -0.3039373515341122,
                0.1702388007415932,
                -7.164286429390744,
                0.2922195034074159,
                0.9520379020257039,
                0.09072820545075445,
                5.769364197819901,
                -0.1896494786806165,
                -0.03529775882999629,
                0.981217176921706,
                -0.013566183501117133,
                0.0,
                0.0,
                0.0,
                1.0
            ]
        },
        {
            "time_stamp_nsec": 320589066,
            "time_stamp_sec": 1635366116,
            "transform": [
                0.9368295412905029,
                -0.3027014606248608,
                0.17527764419738007,
                -7.165091152886942,
                0.2899898522477351,
                0.952331523842286,
                0.0947130748900847,
                5.752022962191144,
                -0.19559220948990852,
                -0.03790127566947969,
                0.9799526447986474,
                -0.004744628373277361,
                0.0,
                0.0,
                0.0,
                1.0
            ]
        },
        {
            "time_stamp_nsec": 421471596,
            "time_stamp_sec": 1635366116,
            "transform": [
                0.9367256332231543,
                -0.3008202469233836,
                0.17903151514412827,
                -7.171312191925827,
                0.28687270333637893,
                0.9527460896906954,
                0.09989470877331226,
                5.735187737242035,
                -0.2006219241616569,
                -0.04221468703403465,
                0.9787587901112066,
                0.032576686327400926,
                0.0,
                0.0,
                0.0,
                1.0
            ]
        },
        {
            "time_stamp_nsec": 522299767,
            "time_stamp_sec": 1635366116,
            "transform": [
                0.9364877864738901,
                -0.29796854564764214,
                0.1849469871660973,
                -7.161230553218341,
                0.28121255537371487,
                0.9531279756782315,
                0.11165380797808337,
                5.759531168573908,
                -0.20954746707458166,
                -0.05255302027905136,
                0.9763851930599418,
                0.026083201113503582,
                0.0,
                0.0,
                0.0,
                1.0
            ]
        },
        {
            "time_stamp_nsec": 623143673,
            "time_stamp_sec": 1635366116,
            "transform": [
                0.9332528510186193,
                -0.30438989675476474,
                0.1907509484766562,
                -7.157810183201656,
                0.286939019487166,
                0.9511490317559959,
                0.11393652316951085,
                5.750017579726011,
                -0.2161137031445809,
                -0.051597703144969434,
                0.9750038722520139,
                0.0072380443209120885,
                0.0,
                0.0,
                0.0,
                1.0
            ]
        },
        {
            "time_stamp_nsec": 724041462,
            "time_stamp_sec": 1635366116,
            "transform": [
                0.9327607961313865,
                -0.3072617670478458,
                0.18854050247486312,
                -7.166796913389071,
                0.29149504399216875,
                0.9505668161804735,
                0.10702046565564209,
                5.741061783974911,
                -0.21210363950399844,
                -0.04486588070886614,
                0.9762167305463925,
                0.006755268334260978,
                0.0,
                0.0,
                0.0,
                1.0
            ]
        },
        {
            "time_stamp_nsec": 824884892,
            "time_stamp_sec": 1635366116,
            "transform": [
                0.931966998096317,
                -0.31208995586479216,
                0.18449225174830727,
                -7.162848445089124,
                0.29887562947002666,
                0.9494226592823142,
                0.0962807604026638,
                5.747382426258655,
                -0.20520937994093755,
                -0.03459026110239517,
                0.9781066555887931,
                0.01389462913678672,
                0.0,
                0.0,
                0.0,
                1.0
            ]
        },
        {
            "time_stamp_nsec": 925728559,
            "time_stamp_sec": 1635366116,
            "transform": [
                0.9319780764309994,
                -0.31252686737687874,
                0.18369496250724662,
                -7.171682807332415,
                0.3005720395074192,
                0.9494649000481956,
                0.09040390088669531,
                5.750207356070238,
                -0.20266556478418915,
                -0.029040891804071878,
                0.9788172969239678,
                -0.007428636946314137,
                0.0,
                0.0,
                0.0,
                1.0
            ]
        },
        {
            "time_stamp_nsec": 127542496,
            "time_stamp_sec": 1635366117,
            "transform": [
                0.9336558251828716,
                -0.31368966604592274,
                0.17287455169324714,
                -7.16832694821579,
                0.3027397792724632,
                0.9490822083842793,
                0.08712979342484634,
                5.749308113981525,
                -0.1914038747079169,
                -0.02901324304853934,
                0.9810824600164754,
                0.01091856794088406,
                0.0,
                0.0,
                0.0,
                1.0
            ]
        },
        {
            "time_stamp_nsec": 329186440,
            "time_stamp_sec": 1635366117,
            "transform": [
                0.9336384518436379,
                -0.31613709626851283,
                0.16845353740725474,
                -7.166358310384192,
                0.306684409166359,
                0.9484305457052342,
                0.08015102055752937,
                5.751487429651188,
                -0.1851051892205771,
                -0.02317000830913154,
                0.9824455323560781,
                -0.012848540540989528,
                0.0,
                0.0,
                0.0,
                1.0
            ]
        },
        {
            "time_stamp_nsec": 530896187,
            "time_stamp_sec": 1635366117,
            "transform": [
                0.9325866003333577,
                -0.31597613734633256,
                0.17447444004471935,
                -7.166794594133267,
                0.30662408666441265,
                0.9485544504784683,
                0.07890587250819951,
                5.766997451879841,
                -0.1904308774291647,
                -0.02008850085887592,
                0.9814950522774608,
                -0.02069344659177607,
                0.0,
                0.0,
                0.0,
                1.0
            ]
        },
        {
            "time_stamp_nsec": 732624054,
            "time_stamp_sec": 1635366117,
            "transform": [
                0.9331923787939156,
                -0.3111531232279397,
                0.17982139851520568,
                -7.182581034508031,
                0.3016428551639793,
                0.9501653853410441,
                0.07872319436589204,
                5.763191334007244,
                -0.19535503419924566,
                -0.019222052651732928,
                0.9805442000961859,
                -0.01936050840584049,
                0.0,
                0.0,
                0.0,
                1.0
            ]
        },
        {
            "time_stamp_nsec": 833498001,
            "time_stamp_sec": 1635366117,
            "transform": [
                0.9350585654530542,
                -0.30388810892714563,
                0.1825308558571763,
                -7.194162611773846,
                0.2941430836574224,
                0.9524949805987241,
                0.07895043156127592,
                5.770580028859677,
                -0.19785181935926846,
                -0.020133096132795222,
                0.9800251635641318,
                -0.009203185975019394,
                0.0,
                0.0,
                0.0,
                1.0
            ]
        },
        {
            "time_stamp_nsec": 35288334,
            "time_stamp_sec": 1635366118,
            "transform": [
                0.9328939833016787,
                -0.3048766508512596,
                0.19172652688627337,
                -7.201857949955953,
                0.29546138730856863,
                0.9522761827810508,
                0.0766332350286022,
                5.7776465967684265,
                -0.20594028735497513,
                -0.014842906284557665,
                0.9784519874643508,
                -0.004890732086867296,
                0.0,
                0.0,
                0.0,
                1.0
            ]
        },
        {
            "time_stamp_nsec": 236876249,
            "time_stamp_sec": 1635366118,
            "transform": [
                0.9293861597194133,
                -0.3093013069714518,
                0.20143010105485504,
                -7.23060266831719,
                0.3048108479775227,
                0.9508952005957447,
                0.05374641331953152,
                5.788541591798566,
                -0.2081627513760349,
                0.011446898935611141,
                0.9780272199893629,
                -0.0008915712595079575,
                0.0,
                0.0,
                0.0,
                1.0
            ]
        },
        {
            "time_stamp_nsec": 438580036,
            "time_stamp_sec": 1635366118,
            "transform": [
                0.9308984980071396,
                -0.30208745274758786,
                0.20535621419155894,
                -7.253930733134421,
                0.29581033504842036,
                0.9532733564434561,
                0.06136909111221832,
                5.770787592663689,
                -0.21429943885404093,
                0.0036180875987667956,
                0.976761314653053,
                0.027647798840577265,
                0.0,
                0.0,
                0.0,
                1.0
            ]
        },
        {
            "time_stamp_nsec": 842003822,
            "time_stamp_sec": 1635366118,
            "transform": [
                0.9314973367806926,
                -0.30789414548241095,
                0.19368511656668017,
                -7.389998315687981,
                0.30027883276110473,
                0.9514051023322355,
                0.06827127037958639,
                5.776497928423112,
                -0.2052933311080051,
                -0.005434973897826927,
                0.9786854013150965,
                0.08378297926257233,
                0.0,
                0.0,
                0.0,
                1.0
            ]
        },
        {
            "time_stamp_nsec": 43818474,
            "time_stamp_sec": 1635366119,
            "transform": [
                0.9258141751948419,
                -0.3295273166558529,
                0.18514826468512913,
                -7.49439617314628,
                0.3147987174427225,
                0.9433487292042784,
                0.10485684224824608,
                5.715975544602627,
                -0.20921257092903944,
                -0.038793523266775334,
                0.9771003882327478,
                0.1029679678728323,
                0.0,
                0.0,
                0.0,
                1.0
            ]
        },
        {
            "time_stamp_nsec": 245502949,
            "time_stamp_sec": 1635366119,
            "transform": [
                0.9194614917842463,
                -0.3586208272325861,
                0.16118836310187756,
                -7.572227632083881,
                0.3404698387510409,
                0.9312559728274981,
                0.12977911965092964,
                5.780764001701235,
                -0.19664911651285727,
                -0.06444713547975361,
                0.9783535645905195,
                0.07109256190107505,
                0.0,
                0.0,
                0.0,
                1.0
            ]
        },
        {
            "time_stamp_nsec": 447169304,
            "time_stamp_sec": 1635366119,
            "transform": [
                0.8994576445509956,
                -0.3964987244648921,
                0.18375182821275862,
                -7.64745744127769,
                0.3785423883894916,
                0.9170016986402558,
                0.12575200733762218,
                5.738440676785723,
                -0.21836124442353974,
                -0.04355075952007811,
                0.9748957406175841,
                0.05130121632485338,
                0.0,
                0.0,
                0.0,
                1.0
            ]
        },
        {
            "time_stamp_nsec": 749743223,
            "time_stamp_sec": 1635366119,
            "transform": [
                0.8967507947973364,
                -0.396848951525272,
                0.19582887878958083,
                -7.771956661387615,
                0.38036781046154255,
                0.9173715462957623,
                0.11725952955303111,
                5.589557754026431,
                -0.22618215857884127,
                -0.030665586242536194,
                0.9736022083665624,
                0.06500572482965894,
                0.0,
                0.0,
                0.0,
                1.0
            ]
        },
        {
            "time_stamp_nsec": 153161764,
            "time_stamp_sec": 1635366120,
            "transform": [
                0.8728047317382809,
                -0.40951647006301584,
                0.2655337953632597,
                -7.946994276217384,
                0.3861246296385119,
                0.9121344878904303,
                0.13754443243931444,
                5.382325948170558,
                -0.2985292382990524,
                -0.01752030980485733,
                0.9542396687355413,
                0.09740202712795153,
                0.0,
                0.0,
                0.0,
                1.0
            ]
        },
        {
            "time_stamp_nsec": 354874372,
            "time_stamp_sec": 1635366120,
            "transform": [
                0.8613279436713437,
                -0.42973358345896817,
                0.27100416983681036,
                -7.998537328025881,
                0.40331038484997495,
                0.902742969656084,
                0.1496525703789477,
                5.316628433336726,
                -0.3089578390227214,
                -0.01960116313831438,
                0.950873736127739,
                0.14187732454081411,
                0.0,
                0.0,
                0.0,
                1.0
            ]
        },
        {
            "time_stamp_nsec": 455734730,
            "time_stamp_sec": 1635366120,
            "transform": [
                0.8601131407362528,
                -0.4351794534012932,
                0.2661282896270551,
                -8.038394612674852,
                0.4123817105323642,
                0.9002867505073413,
                0.13937402489666706,
                5.2937854226808385,
                -0.3002444804169952,
                -0.01013100857995343,
                0.9538084856065803,
                0.13349270835914928,
                0.0,
                0.0,
                0.0,
                1.0
            ]
        },
        {
            "time_stamp_nsec": 556589603,
            "time_stamp_sec": 1635366120,
            "transform": [
                0.8599269532967206,
                -0.4342313965447752,
                0.26826995151402844,
                -8.069681935315188,
                0.411976812804073,
                0.900768715864559,
                0.13744399912085015,
                5.261336958076409,
                -0.30133167497354607,
                -0.0076708172516754825,
                0.9534885383252729,
                0.12923587832886302,
                0.0,
                0.0,
                0.0,
                1.0
            ]
        },
        {
            "time_stamp_nsec": 959993362,
            "time_stamp_sec": 1635366120,
            "transform": [
                0.8691028001130862,
                -0.4252508623509014,
                0.2526302913170557,
                -8.261213148972095,
                0.41056576550344387,
                0.9050466600565931,
                0.11102397169759154,
                5.162224289352442,
                -0.2758552377927541,
                0.0072300874649698435,
                0.9611720057554135,
                0.16708809333123428,
                0.0,
                0.0,
                0.0,
                1.0
            ]
        },
        {
            "time_stamp_nsec": 464285374,
            "time_stamp_sec": 1635366121,
            "transform": [
                0.8575476166603657,
                -0.45599347170365484,
                0.23807998557882504,
                -8.535904549819177,
                0.4340489199622208,
                0.8898122858284493,
                0.14083913689031058,
                5.0127298088735,
                -0.27606821774553314,
                -0.017437923156903762,
                0.9609798484413712,
                0.11827261315701994,
                0.0,
                0.0,
                0.0,
                1.0
            ]
        },
        {
            "time_stamp_nsec": 666079998,
            "time_stamp_sec": 1635366121,
            "transform": [
                0.8500026578321757,
                -0.4678290491958343,
                0.2421394295220932,
                -8.641375197157842,
                0.4482879520255277,
                0.8838032887040391,
                0.1339017947813401,
                4.980262882776207,
                -0.2766467687675409,
                -0.005268710034495555,
                0.9609572397754035,
                0.1652327035355688,
                0.0,
                0.0,
                0.0,
                1.0
            ]
        },
        {
            "time_stamp_nsec": 867713451,
            "time_stamp_sec": 1635366121,
            "transform": [
                0.8640193830679757,
                -0.4458274831819209,
                0.23389826667019178,
                -8.694285340652362,
                0.4326468480915072,
                0.8950834580200236,
                0.10789966409139645,
                4.917231254233319,
                -0.25746310172164555,
                0.007967930360259445,
                0.9662552834652134,
                0.1630708738716055,
                0.0,
                0.0,
                0.0,
                1.0
            ]
        },
        {
            "time_stamp_nsec": 69457531,
            "time_stamp_sec": 1635366122,
            "transform": [
                0.88280346969095,
                -0.4141515159852517,
                0.22166774213208748,
                -8.772949077359625,
                0.4019882660634668,
                0.9102072487917912,
                0.09964046798218222,
                4.840222828147893,
                -0.24302983364621558,
                0.001144866603010733,
                0.9700181428582635,
                0.16876351015761612,
                0.0,
                0.0,
                0.0,
                1.0
            ]
        },
        {
            "time_stamp_nsec": 674483061,
            "time_stamp_sec": 1635366122,
            "transform": [
                0.9023617599543681,
                -0.3399391880137632,
                0.2649238180023608,
                -9.066225085315855,
                0.3146889251407451,
                0.9397005591360839,
                0.13391697448438653,
                4.6244761378783465,
                -0.29447268342949434,
                -0.03747297844891209,
                0.9549249326180314,
                0.1314587601407952,
                0.0,
                0.0,
                0.0,
                1.0
            ]
        },
        {
            "time_stamp_nsec": 775472641,
            "time_stamp_sec": 1635366122,
            "transform": [
                0.9014641025834709,
                -0.34608612728967086,
                0.2599747901781833,
                -9.099906609718698,
                0.31256039504507777,
                0.9359534572488557,
                0.16216393878679586,
                4.598008433369875,
                -0.29944698776213735,
                -0.06492715988875919,
                0.9519012442180586,
                0.18028797392015763,
                0.0,
                0.0,
                0.0,
                1.0
            ]
        },
        {
            "time_stamp_nsec": 977101803,
            "time_stamp_sec": 1635366122,
            "transform": [
                0.8935457912507441,
                -0.3613972556778349,
                0.26639814397709477,
                -9.190516328044648,
                0.3262933502254965,
                0.9302926316195497,
                0.16759560815431485,
                4.53729596339384,
                -0.3083968176303588,
                -0.06283042147338146,
                0.9491805701025956,
                0.21908734426601909,
                0.0,
                0.0,
                0.0,
                1.0
            ]
        },
        {
            "time_stamp_nsec": 77970982,
            "time_stamp_sec": 1635366123,
            "transform": [
                0.8888699029413344,
                -0.36365011317932994,
                0.2786914431758714,
                -9.226558619076762,
                0.3241502912076786,
                0.9290336938663781,
                0.17839003144147572,
                4.485375276166848,
                -0.32378529000676765,
                -0.0682276321762236,
                0.9436673625926961,
                0.2311914646537,
                0.0,
                0.0,
                0.0,
                1.0
            ]
        },
        {
            "time_stamp_nsec": 481384039,
            "time_stamp_sec": 1635366123,
            "transform": [
                0.8541308898662396,
                -0.4358990822265586,
                0.2836414179478392,
                -9.428516954624847,
                0.39896887140753334,
                0.8990698218014083,
                0.18027014024271473,
                4.408375980157956,
                -0.33359302077414027,
                -0.040810218443091684,
                0.9418334453950438,
                0.27112129727576173,
                0.0,
                0.0,
                0.0,
                1.0
            ]
        },
        {
            "time_stamp_nsec": 985741138,
            "time_stamp_sec": 1635366123,
            "transform": [
                0.8727404476554779,
                -0.43107577043051315,
                0.2291240426241343,
                -9.648049666847019,
                0.4152585113600188,
                0.902296028727021,
                0.11585453259087805,
                4.312563635227631,
                -0.2566797917712801,
                -0.005965243207885787,
                0.9664780958628586,
                0.2912740103833083,
                0.0,
                0.0,
                0.0,
                1.0
            ]
        },
        {
            "time_stamp_nsec": 187418938,
            "time_stamp_sec": 1635366124,
            "transform": [
                0.8952213550530167,
                -0.3872630987644996,
                0.22046779027170066,
                -9.768145774949891,
                0.36760630175906583,
                0.9214269665947521,
                0.1258490115265413,
                4.262129850230077,
                -0.2518816410915885,
                -0.03161738652232834,
                0.9672414324979073,
                0.286519009123776,
                0.0,
                0.0,
                0.0,
                1.0
            ]
        },
        {
            "time_stamp_nsec": 389035940,
            "time_stamp_sec": 1635366124,
            "transform": [
                0.8996252528417481,
                -0.3751262273107771,
                0.223505581761663,
                -9.870138138568365,
                0.3581816553475738,
                0.9267080199126021,
                0.1136581160779867,
                4.223373725286406,
                -0.24976055186419668,
                -0.02219412448168271,
                0.9680532506938451,
                0.3213846413217591,
                0.0,
                0.0,
                0.0,
                1.0
            ]
        },
        {
            "time_stamp_nsec": 994215012,
            "time_stamp_sec": 1635366124,
            "transform": [
                0.9103802420644489,
                -0.33775217800809965,
                0.23902155790401866,
                -10.214191985246087,
                0.3251475098715807,
                0.9412180704070011,
                0.091584149978202,
                4.165410325607319,
                -0.2559041533785442,
                -0.005659147789593817,
                0.9666855989740698,
                0.37598787443771775,
                0.0,
                0.0,
                0.0,
                1.0
            ]
        },
        {
            "time_stamp_nsec": 195990801,
            "time_stamp_sec": 1635366125,
            "transform": [
                0.8928404503200014,
                -0.3846546939085291,
                0.23425781924254893,
                -10.338515282098863,
                0.3663187206304053,
                0.9228317296184797,
                0.11913108207575518,
                4.123238935617401,
                -0.26200487464519046,
                -0.02055203773286455,
                0.9648476921096865,
                0.4233872362559384,
                0.0,
                0.0,
                0.0,
                1.0
            ]
        },
        {
            "time_stamp_nsec": 397621632,
            "time_stamp_sec": 1635366125,
            "transform": [
                0.8808045641506634,
                -0.4038653785043876,
                0.2471358101197349,
                -10.439501672942182,
                0.3843449812007151,
                0.9146942348954757,
                0.12495365368082176,
                4.152384784813245,
                -0.2765181513460769,
                -0.015074355305369387,
                0.9608904654325188,
                0.38928989602249603,
                0.0,
                0.0,
                0.0,
                1.0
            ]
        },
        {
            "time_stamp_nsec": 801124811,
            "time_stamp_sec": 1635366125,
            "transform": [
                0.8684658780148025,
                -0.4536750202085196,
                0.19986503469198888,
                -10.593792737047485,
                0.44993542700787315,
                0.8905849294406276,
                0.06645770104882961,
                4.108800147912018,
                -0.20814698550993574,
                0.032210100034804616,
                0.9775670556260526,
                0.40799179176692657,
                0.0,
                0.0,
                0.0,
                1.0
            ]
        },
        {
            "time_stamp_nsec": 901963711,
            "time_stamp_sec": 1635366125,
            "transform": [
                0.8671831196027217,
                -0.47141341487767585,
                0.1605081468923183,
                -10.626807851647978,
                0.46765692112415636,
                0.8816726981453518,
                0.06285132795710147,
                4.074617515860415,
                -0.17114460865044046,
                0.020559123878821833,
                0.9850313951330366,
                0.43635382886003204,
                0.0,
                0.0,
                0.0,
                1.0
            ]
        },
        {
            "time_stamp_nsec": 406247139,
            "time_stamp_sec": 1635366126,
            "transform": [
                0.8645960212756113,
                -0.4979814840545776,
                0.06699399780143386,
                -10.900412598269124,
                0.49826323179054427,
                0.8669187034882161,
                0.013628903455141754,
                4.001527979465922,
                -0.06486529155303589,
                0.021597145703720913,
                0.9976602918029222,
                0.4492729571885229,
                0.0,
                0.0,
                0.0,
                1.0
            ]
        },
        {
            "time_stamp_nsec": 607988358,
            "time_stamp_sec": 1635366126,
            "transform": [
                0.8662612165425845,
                -0.49716036977319883,
                0.04922506365137405,
                -10.964120183422878,
                0.4986127235183138,
                0.8665215841224425,
                -0.022928837234151282,
                3.9782268345876384,
                -0.03125527331755648,
                0.0444066026423647,
                0.9985244924000227,
                0.4775317701573921,
                0.0,
                0.0,
                0.0,
                1.0
            ]
        },
        {
            "time_stamp_nsec": 313927174,
            "time_stamp_sec": 1635366127,
            "transform": [
                0.7009579910576786,
                -0.7090484083378394,
                0.0768657722646151,
                -11.241882702171212,
                0.7093979323583917,
                0.7042750348808743,
                0.027410677976341058,
                3.8171802994681423,
                -0.07357014257086802,
                0.035314675916118726,
                0.9966645919641004,
                0.5429464066324652,
                0.0,
                0.0,
                0.0,
                1.0
            ]
        },
        {
            "time_stamp_nsec": 515724659,
            "time_stamp_sec": 1635366127,
            "transform": [
                0.6192778360866955,
                -0.7782099866696578,
                0.104327947734047,
                -11.300872959911509,
                0.779919354522029,
                0.6250243633465986,
                0.03271827954372892,
                3.7917883406165735,
                -0.0906692035518607,
                0.061105662765171646,
                0.9940046256160663,
                0.5077062976788528,
                0.0,
                0.0,
                0.0,
                1.0
            ]
        },
        {
            "time_stamp_nsec": 616494179,
            "time_stamp_sec": 1635366127,
            "transform": [
                0.5784533712694147,
                -0.8074389986003603,
                0.11590568784834872,
                -11.32934740489171,
                0.8101005428687083,
                0.5852860159434881,
                0.03431552034365518,
                3.77375525272862,
                -0.09554567169775803,
                0.07404531066771822,
                0.9926672753266935,
                0.5211437061712392,
                0.0,
                0.0,
                0.0,
                1.0
            ]
        },
        {
            "time_stamp_nsec": 322540522,
            "time_stamp_sec": 1635366128,
            "transform": [
                0.4852587867487115,
                -0.8646128244143626,
                0.13026434046660695,
                -11.455318256583867,
                0.8717739137598554,
                0.48989169125083076,
                0.0040739127424866545,
                3.3347903266113534,
                -0.0673377889955231,
                0.11158412671804127,
                0.9914709317777445,
                0.5927389824157675,
                0.0,
                0.0,
                0.0,
                1.0
            ]
        },
        {
            "time_stamp_nsec": 423299551,
            "time_stamp_sec": 1635366128,
            "transform": [
                0.48124902353587007,
                -0.867000414538833,
                0.12926681379407404,
                -11.46355990292404,
                0.8747880839488511,
                0.4844472909832386,
                -0.007541850449071789,
                3.2927451517570123,
                -0.05608418796842737,
                0.11671055015117562,
                0.9915811693505197,
                0.5876559205929617,
                0.0,
                0.0,
                0.0,
                1.0
            ]
        },
        {
            "time_stamp_nsec": 826737642,
            "time_stamp_sec": 1635366128,
            "transform": [
                0.41657514529344075,
                -0.8998641153802656,
                0.12926742194074592,
                -11.525378225283152,
                0.9087500287233647,
                0.4161363492422845,
                -0.03169019712825717,
                3.0936221378987034,
