{
    "bag_name": "path",
    "fixed_frame": "world",
    "moving_frame": "lidar_h_link",
    "pose_file_date": "",
    "poses": [
        {
            "time_stamp_nsec": 312138081,
            "time_stamp_sec": 1635366115,
            "transform": [
                1.0,
                0.0,
                0.0,
                0.0,
                0.0,
                1.0,
                0.0,
                0.0,
                0.0,
                0.0,
                1.0,
                0.0,
                0.0,
                0.0,
                0.0,
                1.0
            ]
        },
        {
            "time_stamp_nsec": 413033009,
            "time_stamp_sec": 1635366115,
            "transform": [
                0.9999910980556254,
                -0.004150994267760176,
                0.0007570046854225059,
                0.004407812724770339,
                0.004151035481016548,
                0.9999913830169715,
                -5.2879483244132386e-05,
                0.018221378011464718,
                -0.0007567786598941508,
                5.602136582239858e-05,
                0.9999997120737918,
                0.0038575102905986348,
                0.0,
                0.0,
                0.0,
                1.0
            ]
        },
        {
            "time_stamp_nsec": 513834000,
            "time_stamp_sec": 1635366115,
            "transform": [
                0.999797731773046,
                -0.02010612575680026,
                0.0004891303754142729,
                0.019332384231396566,
                0.020106151150047765,
                0.9997978498036298,
                -4.705284040778994e-05,
                0.04549187183030403,
                -0.00048808544728637864,
                5.687785237334649e-05,
                0.9999998792687458,
                0.008404806777016636,
                0.0,
                0.0,
                0.0,
                1.0
            ]
        },
        {
            "time_stamp_nsec": 614708900,
            "time_stamp_sec": 1635366115,
            "transform": [
                0.9989718542751732,
                -0.04442279909759699,
                0.009047059542012136,
                0.012523320061364415,
                0.044365860009572995,
                0.9989948494497904,
                0.006400096749383309,
                0.061022558758319106,
                -0.009322276097238742,
                -0.00599213594013277,
                0.999938592852202,
                0.07777482024564568,
                0.0,
                0.0,
                0.0,
                1.0
            ]
        },
        {
            "time_stamp_nsec": 715552092,
            "time_stamp_sec": 1635366115,
            "transform": [
                0.9989646862569767,
                -0.04269444693167923,
                0.01570795380367003,
                -3.46320319273708e-05,
                0.042059974146896564,
                0.9983645667316535,
                0.03871886451692628,
                0.023864572926058522,
                -0.01733534499981465,
                -0.038018102213494644,
                0.9991266735093312,
                0.04239628064698428,
                0.0,
                0.0,
                0.0,
                1.0
            ]
        },
        {
            "time_stamp_nsec": 816440105,
            "time_stamp_sec": 1635366115,
            "transform": [
                0.9997129869326603,
                -0.022870032855274964,
                0.007134798902364503,
                0.0034487038988888483,
                0.022581163761074264,
                0.9990136387855519,
                0.03823402363924526,
                0.02666150031659422,
                -0.008002174790273224,
                -0.03806193791242719,
                0.999243340773896,
                0.031544797999552676,
                0.0,
                0.0,
                0.0,
                1.0
            ]
        },
        {
            "time_stamp_nsec": 917181015,
            "time_stamp_sec": 1635366115,
            "transform": [
                0.9995565852558419,
                -0.029747239035434258,
                -0.0013170578762892507,
                0.001867804323484697,
                0.029775591100338904,
                0.9988740269406589,
                0.03693362259482988,
                0.02433920466317364,
                0.00021690160483003472,
                -0.03695646185879603,
                0.9993168530954399,
                0.00965214905807274,
                0.0,
                0.0,
                0.0,
                1.0
            ]
        },
        {
            "time_stamp_nsec": 18181086,
            "time_stamp_sec": 1635366116,
            "transform": [
                0.9994032065520863,
                -0.03454255427028994,
                0.00020658628219574857,
                -0.015433537314476163,
                0.03451230827505653,
                0.9987451550140776,
                0.03629071387329889,
                0.01618741380365755,
                -0.001459901001911367,
                -0.03626192604358266,
                0.9993412537310137,
                0.016080442778294138,
                0.0,
                0.0,
                0.0,
                1.0
            ]
        },
        {
            "time_stamp_nsec": 118885994,
            "time_stamp_sec": 1635366116,
            "transform": [
                0.9994368059141939,
                -0.03337443097519361,
                -0.00349547437639063,
                0.008396824931595654,
                0.033475718662573005,
                0.9988376064632633,
                0.0346815826450229,
                -0.004511510871031795,
                0.0023339331734708933,
                -0.03477906369960711,
                0.9993923000924714,
                -0.012049384859263334,
                0.0,
                0.0,
                0.0,
                1.0
            ]
        },
        {
            "time_stamp_nsec": 219773054,
            "time_stamp_sec": 1635366116,
            "transform": [
                0.9989925362319564,
                -0.04486481257044357,
                0.001030119343676352,
                0.0030734682736002733,
                0.04486257157140819,
                0.998990951760376,
                0.002104274910354402,
                0.03398013660958206,
                -0.00112348780301575,
                -0.002055941126841444,
                0.9999972554368534,
                0.013663562217531216,
                0.0,
                0.0,
                0.0,
                1.0
            ]
        },
        {
            "time_stamp_nsec": 320589066,
            "time_stamp_sec": 1635366116,
            "transform": [
                0.9988812835768796,
                -0.04670459684973802,
                0.007406885506676516,
                0.002547285343690873,
                0.04669608055998299,
                0.9989082726437689,
                0.0013186751599478911,
                0.022954479718800772,
                -0.007460387398865536,
                -0.0009713274140713586,
                0.9999716991709883,
                0.02189561961791319,
                0.0,
                0.0,
                0.0,
                1.0
            ]
        },
        {
            "time_stamp_nsec": 421471119,
            "time_stamp_sec": 1635366116,
            "transform": [
                0.9986702538129324,
                -0.05015188390440427,
                0.011937867902285269,
                0.033287657247773675,
                0.05015090796818471,
                0.998741578714217,
                0.0003812838840291786,
                0.008339440214018041,
                -0.01194196714029662,
                0.000217918041265656,
                0.9999286684221766,
                0.00491590526651479,
                0.0,
                0.0,
                0.0,
                1.0
            ]
        },
        {
            "time_stamp_nsec": 522299051,
            "time_stamp_sec": 1635366116,
            "transform": [
                0.9983422225672484,
                -0.05497157849397791,
                0.017056734663089778,
                0.02754889204317489,
                0.05500406538574305,
                0.998485090629282,
                -0.0014410350707943487,
                0.004974773966423583,
                -0.01695167928340807,
                0.0023768359040500448,
                0.9998534848769381,
                0.005350279217244763,
                0.0,
                0.0,
                0.0,
                1.0
            ]
        },
        {
            "time_stamp_nsec": 623142958,
            "time_stamp_sec": 1635366116,
            "transform": [
                0.998624511191836,
                -0.047971043392716954,
                0.02116281273083957,
                0.01685149146301969,
                0.048002979528810656,
                0.9988466885389445,
                -0.001003369892602577,
                0.004135656306552251,
                -0.021090272715711938,
                0.0020178678348354005,
                0.9997755391117439,
                0.021532204625474272,
                0.0,
                0.0,
                0.0,
                1.0
            ]
        },
        {
            "time_stamp_nsec": 724040985,
            "time_stamp_sec": 1635366116,
            "transform": [
                0.9988795523770689,
                -0.0442553902353837,
                0.01676604539241056,
                0.022288292484289166,
                0.044259368045920004,
                0.9990200650683141,
                0.0001339069723114779,
                0.01259465380538274,
                -0.01675554186417919,
                0.0006082976371346429,
                0.9998594310155915,
                0.019228482445281147,
                0.0,
                0.0,
                0.0,
                1.0
            ]
        },
        {
            "time_stamp_nsec": 824883938,
            "time_stamp_sec": 1635366116,
            "transform": [
                0.9992169054928869,
                -0.03760702829856337,
                0.01229988616899381,
                0.009611235096987159,
                0.037590600915452146,
                0.999291999482829,
                0.0015641267291598147,
                0.025781333717779187,
                -0.01235000000139107,
                -0.001100541757825645,
                0.9999231301994194,
                0.026654765473756968,
                0.0,
                0.0,
                0.0,
                1.0
            ]
        },
        {
            "time_stamp_nsec": 925728083,
            "time_stamp_sec": 1635366116,
            "transform": [
                0.9993043451739018,
                -0.03542440250854641,
                0.011659220534488956,
                0.017579583958374813,
                0.03539068959813371,
                0.9993687907386037,
                0.003085318043461803,
                0.03162522622518491,
                -0.011761156674745398,
                -0.0026705438721825354,
                0.9999272690496539,
                0.04091312140407906,
                0.0,
                0.0,
                0.0,
                1.0
            ]
        },
        {
            "time_stamp_nsec": 26546955,
            "time_stamp_sec": 1635366117,
            "transform": [
                0.9994606674613298,
                -0.03178672924560253,
                0.008244879721381066,
                0.0015256242288467893,
                0.03176095314221367,
                0.9994902465202335,
                0.0032386673834733748,
                0.038993751734754604,
                -0.008343623508487868,
                -0.0029750554262775657,
                0.9999607657263154,
                0.041653440337342404,
                0.0,
                0.0,
                0.0,
                1.0
            ]
        },
        {
            "time_stamp_nsec": 127542019,
            "time_stamp_sec": 1635366117,
            "transform": [
                0.9994166999613827,
                -0.03359075907032153,
                0.006157982086623811,
                0.004901245033847222,
                0.033574394240237386,
                0.9994324599214236,
                0.0027419166313410927,
                0.01871637786016861,
                -0.006246590245940782,
                -0.002533566752963519,
                0.9999772803168118,
                0.030011981566019183,
                0.0,
                0.0,
                0.0,
                1.0
            ]
        },
        {
            "time_stamp_nsec": 228365898,
            "time_stamp_sec": 1635366117,
            "transform": [
                0.99942874537102,
                -0.03358331209363479,
                0.003787357248855925,
                -0.01786442775867574,
                0.03357106210566722,
                0.9994310392441703,
                0.0032529347388275546,
                0.03618776336263099,
                -0.0038944467137672907,
                -0.0031239308793825377,
                0.9999875370926652,
                0.046638693596740353,
                0.0,
                0.0,
                0.0,
                1.0
            ]
        },
        {
            "time_stamp_nsec": 329185963,
            "time_stamp_sec": 1635366117,
            "transform": [
                0.999555638259041,
                -0.02954188177569064,
                0.003975329635670235,
                -0.0084525782167649,
                0.029526434949714176,
                0.999556431029252,
                0.003889836400753393,
                0.038665156206856365,
                -0.004088479389873192,
                -0.0037707305943870204,
                0.9999845328439151,
                0.05858114457134796,
                0.0,
                0.0,
                0.0,
                1.0
            ]
        },
        {
            "time_stamp_nsec": 430007935,
            "time_stamp_sec": 1635366117,
            "transform": [
                0.9996207542248332,
                -0.027280819047122446,
                0.0037556138105141568,
                -0.010265588239562223,
                0.02726569908887191,
                0.9996201386264203,
                0.004019963394285099,
                0.05150823039217895,
                -0.0038638550918290077,
                -0.0039160394041,
                0.9999848675151114,
                0.06119699160559404,
                0.0,
                0.0,
                0.0,
                1.0
            ]
        },
        {
            "time_stamp_nsec": 530895948,
            "time_stamp_sec": 1635366117,
            "transform": [
                0.9995964290141625,
                -0.0278022233991546,
                0.005832278816896887,
                -0.004208362100580761,
                0.027779690676128635,
                0.9996064246879502,
                0.003909540703427271,
                0.05674964642568711,
                -0.00593867729996634,
                -0.0037459440247610836,
                0.9999753497038265,
                0.06466725249998236,
                0.0,
                0.0,
                0.0,
                1.0
            ]
        },
        {
            "time_stamp_nsec": 631788015,
            "time_stamp_sec": 1635366117,
            "transform": [
                0.9995384755189339,
                -0.02932446152334005,
                0.007931703073849623,
                -0.002460994185638063,
                0.02929307306637236,
                0.9995626812722218,
                0.004045006577854722,
                0.07290129363610044,
                -0.008046852031306211,
                -0.003810795750609921,
                0.9999603622184898,
                0.06932065115999488,
                0.0,
                0.0,
                0.0,
                1.0
            ]
        },
        {
            "time_stamp_nsec": 732624054,
            "time_stamp_sec": 1635366117,
            "transform": [
                0.9993886400632341,
                -0.03378893535569036,
                0.008980754984317314,
                0.0190556612839262,
                0.033754015076230326,
                0.9994221184816653,
                0.004011926700960074,
                0.05679665152438367,
                -0.009111123903941693,
                -0.0037063374305692878,
                0.9999516240719137,
                0.06725547356121872,
                0.0,
                0.0,
                0.0,
                1.0
            ]
        },
        {
            "time_stamp_nsec": 833498001,
            "time_stamp_sec": 1635366117,
            "transform": [
                0.9991105777334398,
                -0.04074615670483447,
                0.010853763169390412,
                0.02605448616379527,
                0.04070665495303651,
                0.9991637773004441,
                0.00383593186108406,
                0.07153118217591517,
                -0.011000986486973363,
                -0.0033906997055954515,
                0.9999337385306188,
                0.06737164747969265,
                0.0,
                0.0,
                0.0,
                1.0
            ]
        },
        {
            "time_stamp_nsec": 934376001,
            "time_stamp_sec": 1635366117,
            "transform": [
                0.9990604399386769,
                -0.04071018760566975,
                0.014863309680168649,
                0.03698717697160822,
                0.04065474343377971,
                0.9991651926495704,
                0.004013680839387504,
                0.08458278341774512,
                -0.015014299379956679,
                -0.0034056457035478473,
                0.9998814791721421,
                0.0758781555273818,
                0.0,
                0.0,
                0.0,
                1.0
            ]
        },
        {
            "time_stamp_nsec": 35288095,
            "time_stamp_sec": 1635366118,
            "transform": [
                0.9990936799614877,
                -0.03906695550997334,
                0.0168994570384442,
                0.03847626167520741,
                0.03899971486625453,
                0.99923001083529,
                0.004290417981627048,
                0.11195140106652389,
                -0.01705405820804253,
                -0.0036274554839428644,
                0.9998479887789687,
                0.0819682096931873,
                0.0,
                0.0,
                0.0,
                1.0
            ]
        },
        {
            "time_stamp_nsec": 136019945,
            "time_stamp_sec": 1635366118,
            "transform": [
                0.9992365069201351,
                -0.03181873073009513,
                0.02267094203539974,
                0.04435100020349524,
                0.03166293162478691,
                0.9994726817312157,
                0.007198418849717375,
                0.1453091092352462,
                -0.022888031784555524,
                -0.006475094419203278,
                0.9997170655506945,
                0.13536628356717495,
                0.0,
                0.0,
                0.0,
                1.0
            ]
        },
        {
            "time_stamp_nsec": 236876011,
            "time_stamp_sec": 1635366118,
            "transform": [
                0.9992909306140287,
                -0.028939645181603486,
                0.0240859487940867,
                0.05975689566398701,
                0.02824990693299474,
                0.9991945109851854,
                0.028500385529906518,
                0.1275102498310183,
                -0.02489133887169608,
                -0.027799750967213058,
                0.9993035550298695,
                0.13343474774004302,
                0.0,
                0.0,
                0.0,
                1.0
            ]
        },
        {
            "time_stamp_nsec": 337748051,
            "time_stamp_sec": 1635366118,
            "transform": [
                0.9993002890980175,
                -0.03362741390049703,
                0.016374652453819367,
                0.0866539930049361,
                0.033004204165719905,
                0.9987720320038705,
                0.03694794438459153,
                0.0958948374863835,
                -0.01759700872325154,
                -0.03638165913237123,
                0.9991830263584194,
                0.06439767571853242,
                0.0,
                0.0,
                0.0,
                1.0
            ]
        },
        {
            "time_stamp_nsec": 438580036,
            "time_stamp_sec": 1635366118,
            "transform": [
                0.9990266919531657,
                -0.03814220169394334,
                0.02215493658427061,
                0.10236229075452723,
                0.03731721576827159,
                0.9986356475390492,
                0.03652764530555206,
                0.09206744716142075,
                -0.02351795425666884,
                -0.03566533210559666,
                0.9990870281979337,
                0.049103968692140926,
                0.0,
                0.0,
                0.0,
                1.0
            ]
        },
        {
            "time_stamp_nsec": 539521933,
            "time_stamp_sec": 1635366118,
            "transform": [
                0.9987036107010128,
                -0.04265649297449511,
                0.02777627728614353,
                0.14113434819912035,
                0.0416832020085395,
                0.9985272872912193,
                0.0347241588113251,
                0.08680731931485362,
                -0.029216581645962147,
                -0.03352133860626224,
                0.9990108664148599,
                0.023952885771433993,
                0.0,
                0.0,
                0.0,
                1.0
            ]
        },
        {
            "time_stamp_nsec": 640372992,
            "time_stamp_sec": 1635366118,
            "transform": [
                0.9989776991292372,
                -0.038267914162650886,
                0.024064982611572933,
                0.1688017685091684,
                0.037413348260401456,
                0.9986863663012748,
                0.035011185868259645,
                0.09829912599063301,
                -0.025373175094994305,
                -0.03407504232713281,
                0.9990971391591524,
                0.02079938718533366,
                0.0,
                0.0,
                0.0,
                1.0
            ]
        },
        {
            "time_stamp_nsec": 741153955,
            "time_stamp_sec": 1635366118,
            "transform": [
                0.9988925218366858,
                -0.04327150140338095,
                0.01847449552879596,
                0.21584867292890472,
                0.04262001152445428,
                0.9985020359255562,
                0.03431062328455422,
                0.0825751077041124,
                -0.019931493581808804,
                -0.03348524180615111,
                0.9992404486132364,
                -5.9311811626677774e-05,
                0.0,
                0.0,
                0.0,
                1.0
            ]
        },
        {
            "time_stamp_nsec": 842003107,
            "time_stamp_sec": 1635366118,
            "transform": [
                0.9992337306713909,
                -0.03621133244731751,
                0.01485566864614961,
                0.21294653985366357,
                0.03567067722573521,
                0.998744432846677,
                0.03517329447218248,
                0.1341066513256441,
                -0.01611068821595644,
                -0.03461643049419304,
                0.9992708083723095,
                0.016286352931779997,
                0.0,
                0.0,
                0.0,
                1.0
            ]
        },
        {
            "time_stamp_nsec": 942892075,
            "time_stamp_sec": 1635366118,
            "transform": [
                0.9997571154590195,
                -0.019072900600137832,
                0.011042397917037443,
                0.26010462438523485,
                0.018669599417960217,
                0.9991938118020751,
                0.03554113833309534,
                0.13456780453187203,
                -0.01171136826480281,
                -0.03532634879430058,
                0.999307206485688,
                0.006776799003342363,
                0.0,
                0.0,
                0.0,
                1.0
            ]
        },
        {
            "time_stamp_nsec": 43817997,
            "time_stamp_sec": 1635366119,
            "transform": [
                0.9997059440165892,
                -0.01925217864068525,
                0.01474378226532649,
                0.3454920261485591,
                0.019257674837755583,
                0.9998145271258663,
                -0.00023088508784739706,
                0.09371864073165928,
                -0.014736602652697429,
                0.0005147481594501577,
                0.9998912778780445,
                0.0046686212182898024,
                0.0,
                0.0,
                0.0,
                1.0
            ]
        },
        {
            "time_stamp_nsec": 144625902,
            "time_stamp_sec": 1635366119,
            "transform": [
                0.9995727285209441,
                -0.027889459459372688,
                0.008748625506835523,
                0.36277464197107223,
                0.028174217494422425,
                0.9990138000495621,
                -0.03431677110554808,
                0.16920946566716616,
                -0.007782921416269536,
                0.03454859420580822,
                0.999372713642228,
                0.026516037312732534,
                0.0,
                0.0,
                0.0,
                1.0
            ]
        },
        {
            "time_stamp_nsec": 245501995,
            "time_stamp_sec": 1635366119,
            "transform": [
                0.9999730300405427,
                0.004343579641264341,
                0.005922204609420587,
                0.36332928298650335,
                -0.004133927087907017,
                0.9993799812399611,
                -0.03496517901637293,
                0.17750875839624886,
                -0.006070406771190636,
                0.03493975404485743,
                0.9993709840439221,
                0.03442913946221354,
                0.0,
                0.0,
                0.0,
                1.0
            ]
        },
        {
            "time_stamp_nsec": 346292973,
            "time_stamp_sec": 1635366119,
            "transform": [
                0.9993667945748296,
                0.0338318440042205,
                0.011018903416610909,
                0.4155879602635142,
                -0.033437633793275356,
                0.9988560056560166,
                -0.03418485938561876,
                0.1622507352432967,
                -0.012162834683465858,
                0.033794767289949,
                0.9993547814246354,
                0.060080963401894664,
                0.0,
                0.0,
                0.0,
                1.0
            ]
        },
        {
            "time_stamp_nsec": 447169065,
            "time_stamp_sec": 1635366119,
            "transform": [
                0.9983464068142002,
                0.053019363773212654,
                0.02221258801354286,
                0.46758008110269833,
                -0.0522677199867591,
                0.9980826405657218,
                -0.03315310013772257,
                0.17564100448510078,
                -0.023927754774766996,
                0.03193727706677361,
                0.9992034191719916,
                0.08046512066396605,
                0.0,
                0.0,
                0.0,
                1.0
            ]
        },
        {
            "time_stamp_nsec": 548013926,
            "time_stamp_sec": 1635366119,
            "transform": [
                0.9973919568820152,
                0.06858426715042441,
                0.02248294123338034,
                0.5307432714363021,
                -0.06786578078376164,
                0.9972034109233563,
                -0.03129845110279876,
                0.13730344355385476,
                -0.024566647017345056,
                0.02969100103167776,
                0.9992571862699122,
                0.09698764152863842,
                0.0,
                0.0,
                0.0,
                1.0
            ]
        },
        {
            "time_stamp_nsec": 648889065,
            "time_stamp_sec": 1635366119,
            "transform": [
                0.9971364527542924,
                0.07018574028285263,
                0.02815770675205634,
                0.5725743304117361,
                -0.06936313837157496,
                0.9971640581952821,
                -0.029199247914320096,
                0.1304818974270135,
                -0.030127223964922255,
                0.027162527578709232,
                0.9991769350178692,
                0.11956643948474587,
                0.0,
                0.0,
                0.0,
                1.0
            ]
        },
        {
            "time_stamp_nsec": 749742985,
            "time_stamp_sec": 1635366119,
            "transform": [
                0.9976962375603629,
                0.05857003192217215,
                0.034231110389991395,
                0.6464852053266117,
                -0.05758089114749164,
                0.997913682040085,
                -0.029201441263418774,
                0.09885877313597623,
                -0.03587002275656877,
                0.027163110238629017,
                0.9989872406140168,
                0.1226648321111275,
                0.0,
                0.0,
                0.0,
                1.0
            ]
        },
        {
            "time_stamp_nsec": 850563049,
            "time_stamp_sec": 1635366119,
            "transform": [
                0.996666390057182,
                0.061549896720042734,
                0.053551070429425016,
                0.7040276652564419,
                -0.060068225320457753,
                0.9977771898595411,
                -0.028852862992225354,
                0.07645839629157182,
                -0.05520792730429104,
                0.025539961036569376,
                0.9981481829633387,
                0.1152275925095225,
                0.0,
                0.0,
                0.0,
                1.0
            ]
        },
        {
            "time_stamp_nsec": 951497078,
            "time_stamp_sec": 1635366119,
            "transform": [
                0.99484695556491,
                0.07642832564550468,
                0.06662016243041538,
                0.7508741247783618,
                -0.07625829322006446,
                0.9970750778706725,
                -0.005095272745903698,
                0.06771172650415748,
                -0.06681472680773987,
                -1.1323301951660005e-05,
                0.9977653993566774,
                0.09266872436187983,
                0.0,
                0.0,
                0.0,
                1.0
            ]
        },
        {
            "time_stamp_nsec": 52252054,
            "time_stamp_sec": 1635366120,
            "transform": [
                0.9938881871474281,
                0.07889111033366798,
                0.0772169939787887,
                0.8166707991995097,
                -0.07929979904653654,
                0.9968483042990368,
                0.0022360875014098306,
                0.004363803078681372,
                -0.076797222085035,
                -0.008345713058574643,
                0.9970118032167753,
                0.1294424403389925,
                0.0,
                0.0,
                0.0,
                1.0
            ]
        },
        {
            "time_stamp_nsec": 153161049,
            "time_stamp_sec": 1635366120,
            "transform": [
                0.9912692337026547,
                0.07366677432311652,
                0.10935498468464616,
                0.8841590099480021,
                -0.0719636874352782,
                0.9972176868326096,
                -0.019445121725952343,
                -0.031149448360225592,
                -0.11048318426470952,
                0.011405762975204337,
                0.9938125449830486,
                0.13928324966207825,
                0.0,
                0.0,
                0.0,
                1.0
            ]
        },
        {
            "time_stamp_nsec": 254039049,
            "time_stamp_sec": 1635366120,
            "transform": [
                0.9899427627637309,
                0.07989544655339327,
                0.11674777972940635,
                0.9463907748803315,
                -0.07706347586766098,
                0.9966164691674124,
                -0.0285803091563869,
                -0.055731677823611235,
                -0.11863619657973927,
                0.01929588050113537,
                0.9927502817208262,
                0.10279902922780534,
                0.0,
                0.0,
                0.0,
                1.0
            ]
        },
        {
            "time_stamp_nsec": 354873896,
            "time_stamp_sec": 1635366120,
            "transform": [
                0.9883624281603688,
                0.096109952881761,
                0.11790923440514017,
                0.9605254600028696,
                -0.09380478920778029,
                0.9952776908150175,
                -0.0249595610460322,
                -0.08320128883672734,
                -0.11975129278059807,
                0.013608641482248742,
                0.9927106490586185,
                0.09812746660796089,
                0.0,
                0.0,
                0.0,
                1.0
            ]
        },
        {
            "time_stamp_nsec": 455734015,
            "time_stamp_sec": 1635366120,
            "transform": [
                0.9884728557196175,
                0.10362060927407969,
                0.11038198602658639,
                1.0092032434345721,
                -0.10222357967509337,
                0.9945939063795056,
                -0.018256537217265036,
                -0.09831934582906106,
                -0.11167700418579843,
                0.006762449735418,
                0.99372154852839,
                0.11615643281354211,
                0.0,
                0.0,
                0.0,
                1.0
            ]
        },
        {
            "time_stamp_nsec": 556588888,
            "time_stamp_sec": 1635366120,
            "transform": [
                0.9885136321737682,
                0.10235143870295607,
                0.11119794063767523,
                1.0419752128977486,
                -0.10115429772726955,
                0.9947360676918803,
                -0.016369596335836935,
                -0.11195550999969299,
                -0.1122880539413157,
                0.0049334195372342906,
                0.9936634512317247,
                0.13670395132199548,
                0.0,
                0.0,
                0.0,
                1.0
            ]
        },
        {
            "time_stamp_nsec": 657459974,
            "time_stamp_sec": 1635366120,
            "transform": [
                0.9886582120214714,
                0.10213247718842539,
                0.11010856872134782,
                1.0920094331879635,
                -0.1022507827233061,
                0.9947480795338699,
                -0.004586468810444574,
                -0.0993062310110285,
                -0.10999871469694204,
                -0.006724237282673998,
                0.9939089834577346,
                0.1204632623543918,
                0.0,
                0.0,
                0.0,
                1.0
            ]
        },
        {
            "time_stamp_nsec": 758286953,
            "time_stamp_sec": 1635366120,
            "transform": [
                0.9892453436957167,
                0.1050751641076755,
                0.10174900424126553,
                1.1173030870743805,
                -0.1072421526600501,
                0.9941033492284924,
                0.01605153405544396,
                -0.10345158860451172,
                -0.0994624083218505,
                -0.02679068756937067,
                0.9946805961666179,
                0.13084171041263368,
                0.0,
                0.0,
                0.0,
                1.0
            ]
        },
        {
            "time_stamp_nsec": 859158993,
            "time_stamp_sec": 1635366120,
            "transform": [
                0.9907052251613994,
                0.09492171611242722,
                0.09743215407745806,
                1.1913815923737958,
                -0.09683530682885336,
                0.9951859843545505,
                0.01509237872657836,
                -0.12323636371159011,
                -0.0955305196744139,
                -0.02438697099962234,
                0.9951277282119116,
                0.14682229724178286,
                0.0,
                0.0,
                0.0,
                1.0
            ]
        },
        {
            "time_stamp_nsec": 959992886,
            "time_stamp_sec": 1635366120,
            "transform": [
                0.9919801481371815,
                0.09373511129273773,
                0.08478864672038466,
                1.258589354692609,
                -0.09460309054718949,
                0.9954953327707927,
                0.006268787003027304,
                -0.11818879312627319,
                -0.0838190966346953,
                -0.014239780282965358,
                0.9963792388929211,
                0.14428143211847896,
                0.0,
                0.0,
                0.0,
                1.0
            ]
        },
        {
            "time_stamp_nsec": 60898066,
            "time_stamp_sec": 1635366121,
            "transform": [
                0.9922018748291992,
                0.09583286304827796,
                0.07969631073890893,
                1.3331495676633907,
                -0.09650920930268708,
                0.9953211381437973,
                0.004669527160902457,
                -0.13144133661311186,
                -0.07887592855360162,
                -0.01232454153736632,
                0.9968082531614098,
                0.15324041489661766,
                0.0,
                0.0,
                0.0,
                1.0
            ]
        },
        {
            "time_stamp_nsec": 161711931,
            "time_stamp_sec": 1635366121,
            "transform": [
                0.9920852035202011,
                0.0999982628953855,
                0.07594271771662592,
                1.4223810702354855,
                -0.09897758568313329,
                0.9949427864867966,
                -0.01709646601573307,
                -0.13256793691640983,
                -0.07726827608158324,
                0.009444524116887728,
                0.9969656034566017,
                0.21434057218723465,
                0.0,
                0.0,
                0.0,
                1.0
            ]
        },
        {
            "time_stamp_nsec": 262578011,
            "time_stamp_sec": 1635366121,
            "transform": [
                0.9901302857625742,
